10000
4934
7794
4306
1163
-7458
5923
4317
5738
1448
2985
9793
1947
587
-3289
486
9793
6042
-1490
5824
9655
-8381
5517
620
8451
9223
2589
6370
485
116
622
-8610
4598
2778
9768
4441
5755
-8921
4779
2795
2818
2765
1250
2056
-8418
6664
3874
9960
3884
682
3449
3825
4781
9275
1169
-558
5531
7133
4940
1014
454
8844
4999
4685
3190
6863
-6985
6187
769
4182
82
6472
19
635
9470
2514
3829
563
2658
6099
9864
4636
3515
9805
6249
6638
1204
3615
4045
1740
1422
4943
6387
8482
6662
6447
6854
6470
7188
6938
4026
8824
8328
3877
8604
1555
-9005
9632
405
8412
6808
3140
6693
4224
2552
6117
4921
9623
9077
6719
7110
1941
914
4171
6813
-9221
748
2840
3159
7694
2842
7539
9273
6656
-781
2209
4927
821
9567
5394
1393
3106
-9765
3310
8674
3285
63
2697
3470
3014
852
6272
8249
-5016
5177
-234
-6900
2422
7240
4057
-1945
2616
5723
8185
3884
8637
8736
4814
6985
8513
9619
3415
6346
7350
4201
1103
2416
9628
7825
104
3127
-8026
8691
1007
7924
836
7474
4765
2904
3765
2028
7698
379
2084
3238
5210
3715
3664
-8754
2265
7309
7334
4170
7152
2032
9367
9540
1191
1055
2388
9837
9139
3109
1188
4176
-2255
56
506
3998
1204
-232
1649
-9941
8419
9054
9409
3083
9622
8047
2025
2450
5317
1209
3124
8883
8893
3186
9654
6741
8184
5742
9358
1556
6649
6487
6964
1868
2270
7556
6985
4317
-6606
7012
283
2229
9563
3458
4160
-5036
4911
3552
-1655
849
3216
8782
6285
1455
2493
7010
275
1292
2704
8046
6170
3430
5083
9550
6697
806
4429
665
-5554
3678
3420
8574
7203
7772
8282
7302
5792
951
2803
1062
2475
5998
3066
5931
8702
254
8785
9389
-9790
3466
5679
558
9095
8306
3769
-4090
7524
1647
7979
7143
4373
2578
3118
4
1832
8730
5346
411
4674
1212
8306
4064
8117
6203
6325
7249
3354
8463
-1896
7573
9910
1247
3542
4767
5110
4089
6642
5883
6788
5526
6410
2301
-8657
7241
-8851
694
1179
6286
3025
-8336
9430
8317
5533
3647
5732
9461
1742
8863
3055
-5491
131
2810
5771
651
693
8897
-1111
7435
9943
8672
74
7484
6727
8316
-4823
3714
3612
7781
9275
5417
7543
3014
6140
-1496
9972
6114
5897
527
984
-2199
3646
5514
4114
9308
-8062
6829
1931
6659
1209
1063
3528
953
6502
4449
3301
7971
-135
1118
8361
9809
8345
1514
9734
-7853
5619
6717
7079
2458
9652
2519
-4337
9590
2806
835
-5844
5994
4303
7974
4986
2454
4125
3742
9444
840
4935
3189
1665
-9316
2320
5676
2953
1994
-3717
6978
-3899
9268
5387
4893
8133
4151
7524
398
9914
2575
4120
8607
-5018
4597
9966
5541
7471
3706
2306
5775
604
75
5694
8359
-6894
9468
99
9438
7853
-8879
6814
609
4761
9948
6069
56
5246
7144
-2985
8867
1186
-2976
7716
5885
3556
4988
7930
4571
5708
-4238
8441
2699
9295
1666
7642
3095
4762
4750
4623
1665
9588
2497
-5
1430
-5438
3157
6945
3981
4452
-7726
3173
7671
5306
5722
2505
8302
7393
9680
6964
200
9985
5731
2754
3410
7679
1134
6188
6182
5462
7128
5478
2904
9823
-3071
6010
-2610
3515
-526
-1471
5245
-5236
2808
646
5914
5170
812
1352
6002
3650
49
3819
9803
9662
8329
9452
6627
9065
4207
8676
5412
3889
5354
-6645
-5489
3454
-2650
4572
4405
5311
6296
4654
1080
993
5847
7692
8235
-2265
2551
-7025
3192
9782
1710
8128
3221
6610
4863
4088
4495
9296
1653
5970
5633
8012
2294
4335
6732
4096
5873
44
-7198
5659
9762
5807
3789
8489
8011
8968
955
-4208
9690
2707
-1313
8926
1752
9027
7541
6734
5989
5478
2630
5250
1503
8725
2988
2615
9641
-2066
-3962
9414
838
8937
5326
351
3101
5041
8893
-2845
4979
8570
-9129
-3062
1895
5311
5949
6282
9454
4579
6444
3345
2589
293
6487
6287
-4893
5389
8438
-5969
8966
1134
5883
9375
8038
6628
52
5850
1049
5141
664
2476
880
4498
5462
108
2651
9572
8171
9929
8994
1169
458
2396
6373
2214
3235
4584
3633
5708
5710
8107
2715
356
3087
6108
2116
9437
4401
1805
8789
8939
-9389
487
9618
6607
9186
4226
3913
4131
4091
9036
1169
3804
4478
8495
3165
3880
9001
9213
1512
7839
6517
7429
5321
6468
3941
3037
8158
3155
661
-7991
8866
2066
3197
3198
5224
6545
4908
2952
2591
6508
9919
9203
1454
6389
6201
201
2630
6924
9866
-4782
5589
2745
4923
7278
2383
8398
6926
8449
7029
-7895
6095
3241
4543
9451
2679
8768
2179
3882
1557
6333
2558
1006
9685
9789
4487
9388
8171
4219
3376
8450
6342
858
1078
424
-1679
4247
9006
1377
4697
7273
2552
9256
-1328
5971
9485
3541
9004
6734
5827
4216
5757
8049
4725
2810
1182
1083
6652
32
-8979
1573
9915
5593
7132
-674
3516
8829
6770
7519
8102
1150
8247
7413
5960
6888
2472
1284
108
1681
1308
-3864
4519
4427
5299
1909
3573
2176
9161
7916
-3343
-7218
8898
7270
-6886
8418
8141
5077
70
8279
36
9943
6902
6260
6440
6996
2197
6532
2278
1565
5324
3455
3926
925
7263
725
7992
3033
7293
5887
3095
4193
9710
18
-3848
1006
4194
5357
4409
5764
9877
-9495
1076
959
6143
5028
1051
5239
5246
6767
315
3518
4364
1647
6427
7662
4989
-4899
3307
8877
4255
2327
4903
3738
7865
1567
6500
9599
3054
6985
1887
9295
8937
8893
4403
3142
288
3309
5425
4222
-5316
167
8774
1526
7404
6000
4554
8682
15
5016
6701
4000
2264
170
4891
3942
7697
9402
6534
2215
2955
-8823
8368
2965
513
2088
224
-4253
6651
7761
9449
8872
4230
9981
824
1926
-7918
2354
4788
5666
5493
-9842
-8494
5747
3211
9862
-5888
7494
-4950
3059
-5456
39
-2233
7750
3563
1591
910
73
5068
7364
3789
2718
5572
3270
9845
2304
9057
2781
6064
934
9817
8726
5761
4194
3661
8005
4150
6844
2777
9610
4807
3401
7728
4270
-5911
279
3617
8852
8048
5488
7095
8378
7049
6228
4658
2455
5969
5393
2144
1740
8274
12
8568
4085
4896
5063
3483
6007
3770
1211
1156
1713
3557
284
2822
1261
9990
4442
8418
4957
6358
3324
3136
2576
541
1460
5586
3260
6841
7311
9574
8579
3413
6964
9858
-1728
8901
9730
6216
1913
-4358
-5460
4225
4956
7648
6414
7364
7747
165
7182
8877
7106
2593
1725
3944
1125
9097
3614
4821
5237
9694
5308
9187
1233
537
6461
3303
7735
8782
8306
2323
1434
1035
566
4098
7482
4471
3181
9816
-7809
9701
6180
9715
1682
6192
5461
6702
1338
191
3153
9595
3313
6592
6101
-9270
1927
4989
9704
9382
5513
8204
4489
8861
1243
4600
8258
4149
8956
1355
9993
8098
9927
8214
6364
1268
1950
564
306
3043
5007
2300
1838
9299
5953
1518
8029
3328
-3269
818
1732
2176
4423
7454
4517
5589
-123
-8943
9736
6746
1410
2764
996
7043
6709
4071
853
3151
7606
1629
2933
2439
8595
7715
485
5086
580
7561
9506
9408
6202
2216
-3298
5717
-256
6565
9750
1181
8203
6653
-9896
9186
4651
8409
7163
9595
8234
1353
-1056
8837
2409
6330
2525
3802
1639
18
3173
7547
5324
6896
2996
4935
9687
5998
6482
9492
2853
7457
2861
7506
-5339
6373
9633
9597
4472
3091
-257
3385
8198
6780
380
3845
5560
7596
2491
9883
7819
1418
479
2731
-7206
612
2597
-6917
6827
8517
6499
7566
3814
9825
6826
375
1355
2117
7299
2939
1641
3929
388
110
5435
9439
5210
2145
5746
1027
8494
2458
4238
1114
4562
4350
3013
5925
7939
2249
8264
8077
8198
4018
5122
3222
4700
234
714
4206
3776
3195
-7341
7564
8149
282
4582
-4947
7738
5222
8809
3438
9159
1257
8913
9043
5167
676
1063
7010
-3598
5156
8235
965
7930
8481
4090
8415
4084
2843
936
415
8454
4845
2229
5436
4947
4428
9434
4295
7819
4903
906
-3262
7814
1909
8227
1477
1942
-460
3900
8508
-359
-9318
7095
2990
7281
8811
3806
5885
6962
6395
38
2377
7077
1474
-6400
1048
-1423
613
9077
-2540
1278
6945
5304
9026
5963
2113
-5301
3887
5910
6118
8246
5475
3614
6318
5546
2743
4056
8447
1661
7120
5861
5770
9476
7611
7662
8122
272
8017
553
4628
2120
3122
9939
7447
2769
2523
9429
5995
2919
8370
-3616
2419
450
-5062
7395
8525
740
8609
5954
1854
3511
4935
7406
9720
9762
2343
4753
3477
-5426
3622
2480
3931
1954
4728
5401
3799
7477
5465
6484
3860
72
93
4068
7843
979
8294
-949
8546
7878
3852
5261
5463
3086
1187
3948
8708
5231
762
3517
4994
4617
9624
9317
1543
9156
9199
3601
4674
9237
9883
9465
2027
9417
1137
6465
7798
4391
9922
8244
-7582
7184
855
4345
2235
672
676
1648
-7566
5132
2375
291
4802
787
7639
983
1691
3982
3047
5818
8216
9329
1202
5540
8049
3882
-1470
2616
4155
5647
8379
2722
-7521
6386
6275
5704
778
5294
7033
5690
2456
-1976
380
4979
9220
4304
7187
1831
117
8831
-4351
4245
-6680
89
-9518
1093
5078
4058
3668
4729
4882
1914
1105
381
3002
6811
-3456
5751
4436
9687
339
4777
-9808
2692
-5434
1532
2025
9345
1131
2773
-5189
7976
696
9282
7266
4332
5438
5259
8905
2986
7602
3171
813
7049
-2675
8245
7098
3099
221
2105
3176
3484
9298
8174
646
-560
2080
1231
5793
4710
15
3377
5452
1849
6946
-6928
8584
3115
4947
7895
507
9961
1448
1622
3450
8876
4658
-8331
3441
5716
2298
8252
3558
-8124
-7029
1081
9468
5483
7167
9580
9691
3791
7568
1354
7146
4945
1356
5200
1544
1573
6124
1288
4908
6200
5495
6660
857
1842
5566
4287
1838
8836
8345
6305
2447
8217
3308
4441
1327
5046
8102
4114
9000
43
-3214
3648
8991
9233
3414
6050
8466
267
5962
895
1899
6823
8623
1899
5404
5180
9830
9889
3170
91
1544
3495
7859
2864
3945
6607
5250
1072
263
5826
3784
9594
3865
7748
7882
232
9890
9957
4039
9197
8781
8876
-6729
-5637
5696
4939
4304
4682
2283
8448
5884
7579
104
7695
9090
4260
5786
6858
5843
9802
8959
6091
4826
9486
7440
7430
6444
359
4494
-9674
8951
9210
4868
4766
2645
-707
4105
9685
-3656
-5387
8012
5836
9069
1425
7032
201
-9387
-7187
3327
1595
9475
1220
-2321
6270
-4127
-8453
1892
-4822
9604
2366
2106
288
5378
9603
-6256
1782
9760
-5553
-5691
1465
6210
2479
5962
775
6309
5328
2457
6724
1423
9437
8250
2386
3121
109
9547
5515
4422
9695
3252
9859
323
7212
2151
7496
6087
4055
1648
259
8474
2894
3221
2935
-6415
2152
613
7919
4099
2646
4282
9297
-9213
7732
4328
6686
-6958
3558
3854
5841
5152
4429
129
2414
7993
3794
1813
-5842
8102
-1943
7670
9303
8402
5787
6024
1966
5422
6084
3756
4436
1176
8004
5980
6383
-6230
8070
7724
-8656
9497
191
8905
2705
4749
943
7227
7094
6933
4175
2180
8813
-7281
563
-8319
4879
9033
5079
1940
7615
3360
6019
4352
9511
6996
6969
2719
7424
906
9827
-1956
1704
244
3143
8989
6363
3836
9157
3425
1788
-8376
7845
579
8906
9206
-5562
2638
9646
5886
8723
-1944
9705
4405
1831
4833
6392
8294
5830
979
2065
6696
2524
-8257
6533
9357
-7471
8217
5214
8398
9614
1716
6992
3489
7825
307
2249
6533
4989
1393
6386
4882
111
9461
4861
-9932
622
78
4534
2095
4043
8263
8421
6577
4449
3186
9160
-7540
4951
7935
-9931
339
2570
9107
-3473
9073
3110
8435
1433
4415
1548
6569
2491
325
8266
-2218
1563
1766
9448
1896
5362
5038
8535
9131
4938
2228
306
-7160
3488
3066
9662
5980
9441
-586
3403
2848
9776
4168
4834
1012
1019
9668
7526
6229
635
5559
9893
-3384
3410
9858
6118
3470
2588
916
3387
5793
-480
6707
8958
5779
5742
7951
-7317
4035
-4177
1475
9871
4040
3468
4869
2293
2693
-4894
4372
2524
-5830
8720
6423
3152
6191
9651
1953
7384
130
2499
881
4198
9607
5321
9099
9253
5586
4274
4098
9963
2354
5771
5328
-2054
-9342
6006
8169
1
2824
899
3214
7501
5851
1434
-4677
8826
7711
-7565
9443
3453
4801
2456
3748
2297
6205
3986
1727
2297
9926
2172
356
3489
3530
2942
-7711
6849
6272
270
4948
1060
6891
9066
2562
2443
3046
2026
-6931
-4980
839
6577
9671
6118
-2366
-9355
4382
2692
5172
8894
2973
6391
7470
6186
8725
6855
9866
5723
2433
5264
9566
4547
4821
-6862
4430
2658
5042
3171
9892
6624
4350
9949
1655
-2463
6446
2387
9638
4539
1230
5638
-1580
-2315
7253
7490
1659
6575
1348
1420
3555
6001
5685
499
-1962
1894
4477
528
8658
3644
9612
4488
8616
9595
713
2470
528
7878
2280
9843
9788
2201
8422
4528
-2900
2778
489
8664
1997
8793
2194
9297
2228
4386
8268
-9769
-9538
5943
7996
1130
7143
-1912
4192
7864
8816
6988
-8530
2847
4002
151
1668
9399
8606
6116
6883
-9282
-5069
6970
4726
8730
1668
1513
462
3557
7311
2571
9797
5154
5270
4789
-8897
8011
1372
6213
3103
5459
6012
6419
3386
4903
4077
930
563
9775
1693
1757
-3672
3355
-1223
9852
3551
839
3359
2847
7609
-7465
5041
-2031
5458
7248
4439
1329
3101
484
2898
1556
7865
1530
-6510
5983
2832
8031
2864
2150
1477
3834
3497
2020
451
8012
7825
2848
8530
9280
9646
6538
8115
-4749
8413
9148
-7440
9585
-3525
3563
7391
-3973
9321
9268
1870
29
3300
-2321
5253
8263
-8156
9268
2073
2185
3489
9400
997
8452
9692
4021
2800
8949
8754
10
5627
3360
5553
4786
5410
1413
2975
8514
-3256
8829
4016
7974
7597
7836
1806
5001
7881
4846
5440
1883
1151
1339
5269
2602
5965
2612
7944
9852
5688
-1269
1355
3329
9074
2979
7949
307
-4230
-4894
4278
5302
7176
61
-296
5482
4870
7830
2077
4518
3835
6789
701
5964
3657
897
-8215
3242
5868
8172
5092
3588
3659
5489
857
4477
8872
1542
7011
2605
3548
4153
1722
3593
9934
7973
6608
6175
7195
3004
5537
6745
76
1259
9667
3591
9301
8123
6517
9815
6849
7771
2929
1679
2985
1833
4731
2846
2156
-920
3297
2896
4646
5257
5066
4841
1435
7012
9817
3782
5482
8653
1706
6401
1804
7361
673
1596
339
7896
4543
9746
5358
7842
3086
6522
7105
9212
1218
7285
-8927
1626
4775
6285
7250
-3436
295
8918
5486
4587
3987
9647
5267
1018
8535
4143
1290
3655
-8440
297
6613
2633
5814
3418
6688
113
6748
2968
3012
5611
6941
7762
6400
9372
9766
484
5504
8531
4113
8130
1848
-8089
2781
4617
1319
-2243
1896
99
9511
108
5111
5857
9608
8653
-3834
8048
9722
6855
7035
6535
3954
7621
7325
6997
7920
9837
6078
9092
5665
6749
8407
7418
7433
8239
6424
6437
8566
8007
-447
2780
5042
4737
2207
9890
6623
5221
6539
1652
810
5157
9594
4439
4938
3595
7793
3133
6303
2461
9423
-1199
245
4283
1034
3857
2880
-7933
9572
-1570
7584
7143
4234
3499
9276
9142
6192
-7293
296
5441
8952
6981
4929
1162
1402
1994
9148
3117
9659
4010
7404
6094
4376
130
5772
892
1161
2325
8286
8354
1856
-4417
2756
2850
441
7103
8085
4266
490
386
4
3473
4865
20
5982
-8056
4939
1805
5146
2922
3145
5310
9752
142
2729
7583
6869
5346
1061
3175
1603
5055
9469
146
530
489
3821
922
-4268
7758
4636
8560
-514
-2660
2264
3041
7890
2124
6108
9299
-4290
-1843
7803
1239
3587
157
1812
6902
9488
3530
5982
9734
6190
5892
5642
1956
5756
7916
614
9209
4690
609
-3526
4247
2499
6458
-5883
5739
2124
9737
237
2794
-8820
3016
8306
5317
6908
-2573
6423
6327
462
6663
8579
5907
1040
1632
1353
-7624
4464
6858
4451
8383
2790
-4580
8521
745
7479
3796
8106
8355
3453
1709
9936
8147
6514
6184
4798
2074
2564
8588
9922
-4097
5263
6631
2501
1038
153
307
7623
8590
2974
6964
5750
5994
7417
7831
4741
2708
1101
-8178
-646
1928
7413
1160
8451
2413
2474
7140
1454
4115
843
9786
6102
2581
8435
2379
1347
5686
7288
2351
3463
2789
1559
4410
252
9674
1755
6057
8586
3096
7206
8516
4431
1355
7876
4171
5703
4905
2780
8203
5955
2003
8256
1016
9395
2498
1417
8018
-430
6428
2573
1234
8231
2046
779
3179
6727
6993
2220
9947
7799
5495
8337
9113
-5941
-1116
6345
-1350
4283
9031
937
3134
4333
1384
-8307
3366
457
5225
1154
7389
1206
7103
1914
9613
3159
7544
8858
3736
8151
-5277
3675
6253
7981
8286
7983
4210
679
3802
404
9369
9200
4230
5105
4845
6859
1043
342
8867
8071
602
4205
5755
-7563
6384
9885
1791
2840
4452
6195
2480
4876
590
6504
1662
6363
3392
3856
-606
1334
4022
5783
8003
2053
3287
-1779
7671
1070
2675
2135
-8000
7501
2948
1771
7134
8428
7199
3670
5209
7626
2994
1735
1301
4933
9381
8245
2047
3794
7675
4659
7678
6721
2400
6624
9845
4363
2441
5792
4077
9477
6297
1382
1629
5165
7048
2924
8756
5881
7884
5079
266
7885
4769
5781
5204
4435
4690
2479
3567
8450
8912
601
9122
6233
3063
4783
5518
9106
1470
408
6991
3474
8196
8356
1273
5157
6806
-511
7389
532
-8022
7245
3635
9984
9298
3598
992
645
4212
-9465
9279
9642
9150
3874
-1145
733
3116
9221
4271
7626
6435
6314
7388
-9218
2630
2865
6517
7509
2237
7973
7514
5914
4125
2939
8020
612
405
5457
6711
3260
3740
6033
5583
5243
6022
9101
6036
5999
190
-6178
1959
8402
3483
4487
2100
5256
781
6845
8864
190
-6302
6254
2171
-286
7298
6735
9181
3640
-1753
3008
-1209
5656
4346
8040
8894
8132
-1576
2939
7586
1788
1854
1334
4408
4026
6116
1599
9577
-1042
6041
-8679
9212
-7424
888
4201
5663
5550
3445
682
5629
4381
4239
3848
1767
5288
349
9261
4861
9094
9059
9051
7429
-8999
7692
4512
-4383
1796
7166
8225
4921
4624
4795
7487
7990
7979
4652
2711
7175
4523
2758
4523
8420
1106
8758
7020
6417
3117
4678
4849
6732
3329
9928
479
4986
5022
5127
6368
4079
7917
7899
5262
309
-1107
2579
2103
2705
8014
3530
2487
-7059
4388
9044
1427
9027
2889
-7183
2106
2455
8535
2309
-7460
9226
3285
-6102
1844
9284
3666
9680
4920
8502
6280
9913
6661
4428
3099
4928
3533
2603
4025
3105
5418
9570
2138
2800
978
10
1999
2490
8307
6936
613
3801
8885
7784
9697
4206
9901
9777
5042
1671
4998
5189
9075
2552
-9431
7551
8296
4419
6577
7092
8334
2
3216
7333
-3501
-6953
-4839
-2009
1815
614
902
7957
4856
563
8949
3317
4485
592
8504
7281
4607
1947
8362
3067
-6447
1097
5492
1853
6217
2396
-8709
3182
203
668
-1560
5899
2908
7168
5219
2591
2799
7812
-1204
8733
8975
5618
3428
578
6322
6459
6389
9334
281
9468
1333
6697
699
2348
795
3720
2207
2426
806
8422
7744
-8241
3267
37
8840
6709
2357
8717
-2232
1636
-252
4353
2411
6231
5713
-1087
4408
-2000
1269
5646
-3311
7100
5911
9663
6952
8288
8061
4125
5993
1966
4215
9231
6270
318
609
2819
2785
8567
4815
-9170
2961
7413
-8832
-7681
2988
-7314
8445
6027
5863
-8751
-5784
7177
5458
73
-8160
-1580
-934
9846
7721
4527
6568
2231
4118
3895
9317
3190
-1249
3732
8294
3911
8782
9791
6715
104
7453
8876
961
5874
3223
999
8622
6503
6126
584
5201
5364
-1279
3313
4164
6974
5184
2716
5276
5334
7604
8127
4229
1431
499
8649
5415
6980
5605
1380
9270
1660
3734
7587
4795
5432
8656
5331
3358
185
9814
59
2285
220
1220
7565
8163
4103
898
4180
8052
443
1568
6246
5949
8417
6377
5298
8742
5359
4802
4864
3697
6594
8665
-7941
-3386
2163
3784
3118
902
4948
-3441
8193
8454
6066
9697
3217
5923
8530
-9438
2489
1153
37
1659
-8557
4429
8694
4625
3166
9201
3048
-581
2916
1949
9274
6759
4451
-13
5733
4174
4361
3287
4874
1326
-6811
2875
1557
804
-8685
-6179
9455
9509
6121
5218
6133
8357
8004
8359
1252
3708
-6206
1225
1614
4927
2352
6281
4019
4143
2349
37
7259
2707
7011
9345
7176
1438
7897
1997
9255
1261
8896
356
-4541
6743
6084
1064
2827
8685
-5722
2633
-5483
5305
6449
6237
-9682
9584
9331
-5366
-3406
8642
3554
5729
8328
-1142
6157
275
7201
5873
3546
-9500
9557
1565
8715
3125
1724
4579
8219
3683
4342
-6820
4928
-259
6284
8425
4888
9886
7668
2728
3710
3892
-7355
6175
8835
-5794
4426
7192
2487
7070
9043
2246
2239
5271
8258
8052
8094
4823
8414
8890
3582
3506
7639
6681
3829
7062
1831
779
8675
1947
2739
6422
9584
4146
-553
2536
4656
-2968
7537
2505
1536
7905
6958
9646
7096
8943
6892
9521
24
2074
4305
9740
1629
9526
9453
5309
2155
2
7804
4721
8417
7141
-6320
8763
5114
7441
7961
8906
808
9826
5999
6969
4793
4685
7683
6312
2084
7987
4820
4774
3866
3789
7813
1480
1479
1439
6265
9984
9535
1815
2394
7736
2611
5916
2634
9510
5836
-225
1226
3704
1788
97
7969
407
4417
4018
2850
5653
1156
4020
7753
1872
6067
9969
3420
7279
4220
7292
5867
9777
2100
9396
2353
1971
409
1679
4387
3112
8069
977
5197
-1680
9899
5349
-6762
6819
3466
1936
4891
2101
1815
834
1660
338
724
469
868
9152
3294
8398
3618
8145
4440
2969
-3475
192
8818
2463
4072
753
2294
9906
7922
-7587
8455
7181
-2488
607
2433
8582
4925
4359
7838
-2524
5820
3993
4829
1035
2445
1612
3082
5157
8671
9008
6139
-1704
1165
4431
8111
3628
-1484
608
6494
6851
8040
2512
-9405
329
9212
4520
9417
2868
1433
4972
1017
7939
9498
4040
2541
6592
5896
3523
9363
6496
162
1165
9342
2943
7346
2834
2735
1349
1309
4422
8654
-7270
8496
8552
4720
8443
7477
5825
6720
2635
782
3508
4759
6039
2230
5613
6725
4647
8933
3572
6071
223
8906
9849
7921
4110
16
1063
3955
6203
5291
4178
5574
1016
7514
8731
3134
3601
6932
9720
9191
3835
8669
654
489
8519
2320
9849
5989
2158
3027
3008
2983
1588
8120
8371
9572
9302
-216
5438
9883
2126
8824
501
8950
2988
4133
7960
8759
2972
-1625
974
-1709
9812
7061
-1467
-238
644
8951
1451
8044
8869
5283
6582
8898
6397
6939
8796
1398
1127
713
7112
8998
1821
9521
-5615
4253
8192
8306
4912
604
2859
2563
5522
2995
2309
5576
7642
1223
5693
6155
7988
3979
8846
4869
9815
6553
8570
3908
5412
1944
6417
2900
-1621
8357
3897
-5641
5455
395
3268
7312
6562
3005
4479
5779
2981
7624
7983
6595
700
2148
6675
3102
4692
7090
-7383
7656
6355
7628
9677
4083
3578
1433
2595
4601
5701
824
9153
4590
9862
1378
8921
4032
3647
5082
2535
9417
3719
8958
2177
3065
673
5012
9894
5294
3818
9920
7072
829
8826
6778
2899
4344
7727
5498
7917
8791
9607
5918
7782
8705
2868
3184
8671
2482
7975
3938
1061
2676
487
5682
9020
840
4761
2296
4837
8571
3975
6677
1130
2052
8011
7524
7919
-9617
2035
1835
8849
2287
9403
-5224
9240
993
5656
8197
1222
613
-4297
6886
3686
-3909
6374
2919
1616
1953
5955
1536
-9569
2950
6715
4803
6693
4140
2822
8106
2239
2721
1189
6699
1053
7233
163
597
4918
5439
7731
2978
221
4026
262
4581
3197
4907
964
7883
-3964
5139
4463
683
5146
-6687
2277
2040
9025
6869
364
5547
6948
2406
7350
6907
1425
7964
6428
9510
6193
-1867
5349
4503
-4804
593
3758
1424
920
5415
1056
-8223
8385
3631
1806
3562
1887
8294
710
9700
2173
-7121
7725
4280
8925
433
981
8282
8206
2433
889
5083
-8920
3476
9917
3411
8349
5993
6576
2407
-6215
5593
7707
3154
-2910
4805
5824
7997
7505
538
2141
2504
3113
8046
7513
144
3963
6978
2339
297
1060
79
3960
6899
6957
5419
2844
7479
6374
3811
749
745
-4988
8704
2420
3621
5940
7092
1189
9443
4255
3467
7019
4612
583
1852
4175
5428
4318
1288
3184
6344
5843
3191
8746
5567
-3885
2271
8465
8579
7119
4654
-8628
4663
3701
6349
8716
2551
4643
2269
8940
9997
-4298
1995
7264
5752
9284
-3501
7712
3748
8245
7027
8332
8439
5562
2953
4334
1711
5659
1137
2477
5142
9386
9019
7398
9680
658
6495
3795
4954
3194
1487
582
3850
3266
9800
5627
7315
8659
7199
9115
3263
3969
-1237
-3653
2837
3321
4516
1637
3298
3205
6481
5872
2833
5876
8234
35
1685
4548
663
1928
6347
7466
7627
-8626
1771
9206
-3330
1373
310
5266
7330
4961
7974
8209
6908
398
5746
5106
-4745
3919
5513
5131
9518
9657
4244
160
8202
7178
-4694
2955
5541
7004
1165
7923
4913
625
-4736
2567
3882
4166
1392
1618
6775
4674
873
6566
1880
2309
3471
3603
-8296
6347
8963
3919
4873
4265
2334
9948
2172
3436
-338
23
105
4094
-9230
8836
3088
4242
3880
-3317
1536
8869
9938
2146
6014
589
4359
-3872
1482
6235
1708
1052
9888
3754
5969
9502
9090
7039
1008
-5881
9952
8377
8266
4087
8242
8416
3279
4766
7913
4999
7716
1807
8244
8555
9547
3859
6918
9747
7921
9102
5602
5664
8457
3006
1265
4716
3299
9179
6408
4284
3081
4870
8853
6544
4750
6219
9456
1423
9151
1601
8108
7630
2147
-4070
5349
1943
6941
8725
9088
2131
4966
-3905
5856
6803
5141
297
5293
2080
280
8420
6268
6112
6330
9764
1084
1090
-2205
9685
6965
9710
2303
6748
1320
-9303
4918
1801
7555
2826
4341
6967
60
1583
7735
281
835
8404
7697
4621
2034
7927
5121
2602
9150
2074
6931
6275
6516
2910
5976
5715
6574
2107
766
2816
4654
7395
7453
6778
6864
2980
198
2218
9817
1268
4068
6341
6043
5205
8572
5033
3729
2272
-382
5996
6845
5131
979
9058
-958
6101
2030
6677
2014
4870
782
6924
3405
6290
7480
6182
3769
9764
686
7582
3640
7365
7916
2166
-6378
1332
6935
-9005
9049
8092
9230
1675
7290
1811
4219
4114
8986
5271
977
2732
1171
7905
4284
7153
5175
6035
-6342
1680
1265
2619
4014
7074
2217
9056
8752
8332
7886
5569
6146
9803
843
9019
9090
9623
2196
4353
3626
4802
2151
6467
-2174
8584
5006
9066
8123
4495
2313
2855
743
2918
-2326
9785
-4693
5399
9835
389
5664
5350
5719
3885
3900
3009
4918
4428
5257
-7519
-9116
-7286
4370
659
7286
-1722
3224
3849
4670
6673
-1609
3957
9622
8686
6349
1944
9385
8509
9668
2972
9966
8454
-8715
8612
6775
8280
3414
319
5019
5312
9893
7028
9953
5858
7808
1589
1127
2748
3069
686
484
3879
263
5508
7676
-3511
8645
2311
1881
-3464
-3467
226
9876
7056
-8385
6008
411
5730
7151
8710
7082
3895
2051
998
-6741
8084
2039
1207
7609
8
2493
8695
6288
9356
5188
4299
2475
8483
9314
2483
4727
3369
2505
3641
3435
7670
6052
6448
-5622
4266
9832
6054
1571
4976
8502
3332
7382
5948
9013
1914
9853
8239
5401
1670
6593
2543
1345
8027
2228
1025
4322
-412
5923
8529
303
1744
6612
3046
6194
252
6278
1041
8577
3999
9429
76
1931
4367
2308
9276
554
5598
4690
3696
8305
9720
3704
6161
1453
7092
1655
8018
5766
3361
3196
1040
4428
4856
6702
7281
460
-9502
6476
230
8553
7168
7184
4250
6293
7158
2992
9570
8120
8642
2825
4204
9909
5152
5749
6930
4330
1077
-4244
2598
4493
-8770
9795
8741
8129
9264
5994
4902
2641
-2947
2199
8330
6833
1513
2022
8411
4130
3738
4074
1246
-9821
3511
9778
2819
4180
1004
5623
849
6021
3439
5546
7404
120
-7793
9304
-6305
9102
4202
5527
4518
9970
-1838
6600
1180
5273
8044
5061
4319
2803
8635
8161
3650
8361
8412
8684
7812
4463
2269
3550
5615
5377
3458
-90
-501
71
5148
9610
68
8354
8787
-4230
4321
9918
5709
5374
7438
6192
2055
13
1429
3640
8840
4374
2219
701
6930
8600
2752
2021
4498
7852
6908
2540
5453
7315
1265
3177
7315
5898
2829
1742
3534
-6263
3910
7911
3681
4683
4717
7079
4218
2879
4654
4576
4562
-5913
3276
3353
2345
7238
1015
1975
9548
7567
2631
-1750
3505
1254
7311
4191
-5975
1031
1325
-3362
6409
6569
4326
7706
9369
5645
9356
8094
3398
9723
9385
4651
7368
1241
4307
2924
849
8389
3096
21
3307
8568
-1841
-7073
4254
5586
7616
9209
-3432
2130
4739
5261
4276
7341
8048
7290
2118
-9620
9913
2244
4971
5360
136
1307
6411
4423
5985
2296
6744
134
4836
190
3262
-9894
3641
5259
7091
2313
5732
7414
3414
5483
9408
2656
5377
6211
-854
9317
4680
-7105
517
9178
7353
4847
7384
2110
4747
-8130
629
1226
5729
5848
1962
6099
5222
1690
6048
5060
2433
5113
-8506
2918
6432
481
-9156
9114
-8942
2778
3637
9643
9918
372
2543
2719
4847
6696
5340
5636
3736
9452
640
2468
4618
8829
2843
4179
2835
1475
9414
3805
87
7954
1938
-5627
6054
3525
8174
9004
5851
1331
3392
-1486
5721
540
728
1892
7757
2538
2370
7854
3889
6482
546
5142
5508
-1474
8503
6751
596
2146
762
9350
2054
5685
782
4771
9738
2023
-6831
1798
2777
1902
8613
7532
3528
4746
9376
281
1653
2166
5178
8348
9334
-5959
9962
1728
7327
9850
845
2487
7898
1831
7277
9423
-9070
3650
8108
4430
2330
2822
6375
3639
8312
9402
8452
3221
6012
2334
6646
8877
9301
5020
7414
414
2248
857
5705
4209
6410
6578
846
9546
5748
-1954
574
8103
9822
8216
2140
1598
-6022
7091
-1973
4288
-2583
7320
5487
7034
2837
5607
7995
9025
3517
6107
8372
8163
5495
9720
6574
8298
4341
7229
7658
9625
4403
4322
3775
1582
-7431
4568
7648
-1633
2976
5165
-186
6049
6968
7863
3860
4651
2867
8790
7822
9924
8222
2964
9780
7499
8883
-9734
1755
5050
4946
2201
4976
6564
8263
3719
429
4582
5080
2
4597
3687
-1557
8661
9237
1593
7416
9240
1171
248
3637
6954
3792
4215
408
1638
9031
6936
4571
9760
1069
9618
6655
7767
3857
8570
5327
6818
6123
1581
9730
2597
430
8801
5384
4443
199
121
4105
9387
3037
1408
3499
3156
4769
7306
8427
5346
6029
4856
560
3353
7095
5634
7676
1542
9020
5948
1212
4835
6391
6003
3221
9042
1481
2687
-5031
-7614
3552
2545
2939
5199
1266
1427
2918
9188
8848
2076
3078
6872
7302
6747
-7921
4559
5351
-8489
6539
5352
9842
553
430
-6026
9329
1385
4160
6072
-7079
-7408
7011
959
8543
6640
5262
5253
4833
643
2086
7241
4062
2734
3129
3639
6433
6050
2463
867
-7293
9656
25
-2522
5779
5347
9396
1926
1691
623
4500
120
-7255
5989
-8251
-3406
3461
5942
2945
3564
2587
429
395
6132
-1755
8640
5526
3696
8238
7805
1082
1780
4218
8271
8249
5279
9182
2967
6015
8152
7779
-9781
-9601
9634
1498
5918
7840
3050
2226
2133
-3573
9669
5104
7300
-3172
4789
-54
1745
6379
2611
1023
4028
4305
8179
-1134
8093
8873
1156
-1604
3464
3566
5983
2905
8346
9334
8309
5456
8282
497
8388
1893
5755
1001
8672
7455
6966
7442
3003
16
9538
-4760
7631
4337
-5534
-8117
9888
5193
7267
490
1276
-1141
3748
6578
3228
-3166
270
9972
5714
2456
4042
8384
3163
9311
5016
478
-444
-7353
1076
5076
6743
7272
1603
-3758
6405
359
9139
4677
5098
1386
1696
427
5877
6096
795
2075
-3983
6130
-8755
-3467
4105
2979
4046
3690
-8480
9503
1853
2916
-2442
5278
4045
7675
7080
4463
2499
1501
6612
9823
6717
8675
8818
9154
9333
8061
7120
-8614
9278
6328
6727
3380
2759
9402
5337
5168
7125
3090
3123
3206
1738
-4538
1546
8909
2562
3302
975
245
1090
4037
9213
2522
2458
-7164
-7767
7200
4434
928
9148
166
3885
-6986
501
3029
6314
9618
2339
6256
7344
6742
3843
-6260
623
1089
3291
2374
1411
3191
2028
6249
2546
7237
9904
3175
106
451
650
1925
966
675
-3659
-657
1480
6241
-2937
6789
4157
226
3255
7475
6750
1863
4801
8840
-5627
2137
1886
2507
3039
7596
4846
8732
305
3389
540
4695
3807
3750
3931
2177
-5042
999
842
8439
3358
1132
3794
7955
1920
5355
148
9192
4320
8964
7789
4915
2047
-4273
-4915
8970
6151
9733
-5862
-4782
5439
6687
8770
474
4454
9893
7577
451
-6501
11
6780
9479
5712
3004
6576
2064
4531
2749
-9562
-2240
5126
9950
8086
3300
-3978
4538
4233
579
7915
8051
1284
5662
5854
-697
-4929
6639
9666
5522
-2661
412
464
8112
9854
6370
4525
1520
5653
4940
3637
9335
9403
2043
2047
7125
2861
4349
9501
35
-2497
1720
4378
-3750
4327
-8493
172
4859
3499
3463
-7361
-1963
-2575
731
8851
3126
1731
3912
4214
5945
-2527
5174
-4182
2298
7669
2712
284
8520
7905
4715
8663
7645
5882
5079
37
2173
4048
8714
3353
7302
877
-386
3908
1488
4214
6321
8350
9996
7481
7240
3531
2743
190
4815
8248
9173
216
-3000
1020
616
2451
9393
1306
6408
2437
8944
-1835
9449
9806
3591
4166
7754
2314
-8303
474
4482
-1019
9406
-112
3155
3793
3699
9547
2329
5684
5558
8857
8041
8614
4922
2224
9956
-5843
7485
516
5411
9330
5412
8669
-2874
7458
2849
867
9479
7856
6415
2052
3873
7870
8929
2249
8987
3627
4680
5383
3088
5455
1260
-1993
2150
6076
8832
9544
4045
8768
1472
3221
-4351
6672
8563
3691
8559
7404
2123
7663
5772
1103
9041
9281
3308
414
8043
2299
9075
6246
1080
1550
8059
6095
4065
-2233
4635
4445
215
8116
6675
7163
-7513
4526
6891
240
5436
3748
2697
-2604
947
459
-73
3337
5238
8355
6932
5435
748
2355
844
8290
4259
-7265
3484
2341
6980
7529
5913
-3703
2002
3395
8757
2563
1129
9183
2105
1585
6032
5273
7383
-1152
729
3383
2528
7740
6494
1959
3977
-5655
-7555
8900
8165
7393
6024
9024
-5552
1521
4534
2073
5632
7131
4127
2085
5476
1482
3791
2343
6006
8116
7871
4730
2763
3419
3630
2578
7327
8056
9928
4656
4010
4624
305
9756
-6399
5073
8712
-5626
778
-3378
6230
5608
1887
-8184
4014
7499
9888
-9341
-5965
9207
6709
441
1464
5382
-6562
2795
8706
9149
150
7342
4293
6460
7816
3350
6950
9260
7658
2178
8755
3984
2680
4457
2678
2710
8647
8287
7968
-8661
952
5327
-9984
5711
8596
4271
348
4974
2527
1009
3557
9368
1926
9390
9461
-9228
3651
3371
8193
9875
-6725
3605
5880
5970
1275
1638
1811
5685
4088
2832
-8885
1139
-8013
1790
5867
5534
6595
2295
2027
7969
1776
701
7702
1202
799
2007
3303
4767
1706
5197
6803
1890
-849
-5562
6744
2399
5234
6456
1312
3907
657
4442
413
676
5246
7275
9660
725
5828
5201
-5236
2352
4949
8910
-3349
2699
7713
6619
8540
1158
8542
3212
5131
8617
1134
4817
8530
4408
8606
1408
-1243
304
7123
6206
6487
-6793
-3372
7749
5540
5123
3109
1724
6360
6395
-9855
4180
596
1285
9259
9719
5907
-3632
6078
9593
7194
2503
3211
5081
887
4796
6686
2446
8292
1581
461
411
2724
2705
4167
4157
1522
5865
310
-7849
1222
3633
2734
2817
-5425
-3022
5085
4301
2829
15
-2443
5492
-8015
-1213
-5993
8898
4055
4749
1731
6161
8349
9354
3248
4546
5075
2637
-4814
9122
5143
391
8504
5032
623
515
-3138
515
4028
6438
9865
-6781
6650
6129
2789
2316
6588
2859
7688
5982
-737
4296
8893
-1402
8100
5719
4796
915
6693
6269
8834
1734
994
2604
443
7576
3955
-5088
5258
5850
2631
911
6173
247
3241
4822
6427
3794
3391
2016
3671
1387
4294
2752
1052
8280
7545
7155
1184
-2573
170
9632
8611
4310
5525
9817
4766
2682
5617
5530
983
9271
6335
3254
2745
7674
2059
5087
7710
8134
6120
2317
8918
4729
-5142
8163
2799
7964
4365
9214
7277
7601
7169
3271
-4496
8069
5453
9790
7474
6941
6810
7822
1160
9226
7127
-1454
3774
6183
1167
4668
7693
9207
8088
9697
6759
2073
768
513
4518
5270
3664
1306
466
8623
-2491
6721
2810
7121
4397
7738
8903
-7266
3773
7183
8718
275
1837
-8613
2636
7485
8583
-8300
-9545
534
2127
8573
2184
5083
5717
299
9955
5813
-1457
5909
6272
4310
7287
4848
8528
1498
3107
7902
668
5561
9643
1083
4457
5633
8322
8508
-7475
3021
3712
8496
9330
994
8108
9745
9721
2031
5316
1665
228
2186
2593
8831
1207
6263
3190
6033
9699
3794
6975
1433
818
8769
5332
8851
7400
7924
4309
5826
8642
7175
4173
8312
3240
6989
4080
2860
8572
2420
190
-1043
1465
9284
2416
1193
2902
6801
2760
1159
1955
2247
9987
3436
5305
779
6856
5702
7004
8142
2695
8136
8809
6938
6220
4899
8314
916
203
8847
8654
5226
9923
3872
6995
3253
157
2323
1150
8613
5436
3616
3807
4617
-4861
2679
8608
7942
8982
7685
5332
8221
7623
5246
8586
6951
9869
8562
-3384
9626
7116
8793
274
8995
4930
8713
-3154
4042
7833
1804
7151
723
3459
9292
8392
9449
-3421
3162
9736
6451
3438
4831
2849
881
3495
4755
7507
4638
2914
20
-4324
253
-8052
8204
8342
-1901
7356
4029
6006
9830
52
7846
5432
6315
9645
4637
3422
7
1268
6595
1024
-6978
8033
5221
7011
380
-981
5944
8772
8830
3273
1290
-8571
5901
2675
5813
-8459
24
3825
7645
6270
5047
7437
9262
4922
6876
6889
-353
9216
-1827
2674
1205
553
7395
2095
3607
8937
8763
4209
2684
9358
7672
9426
9236
448
8715
8312
1559
8368
-6533
48
-9945
6922
4733
3669
9319
3637
1846
-8712
2232
6831
3068
8967
6030
4531
1125
4712
9061
2884
7505
-492
3617
7393
-9067
7294
5569
209
-2919
1027
1680
-8566
-6244
9866
5152
892
6282
5323
7774
2392
938
7881
2899
7914
2946
8770
7903
1533
-9928
2939
1774
6628
7340
6502
6884
3277
9464
3437
6818
3887
-7825
5030
6752
173
2165
5326
3
5889
-1964
3440
3718
3204
-5608
6893
7298
9250
6615
2803
4872
360
301
2681
7122
4520
3613
8062
3080
4289
-3423
4575
7911
6873
9048
6511
1321
2772
3639
5790
2257
284
6963
1540
1325
7528
4144
2068
6260
9847
7305
6892
8648
8804
-2676
6961
6995
3345
4291
8149
4507
2941
9631
8147
7615
-1120
7933
6638
5513
4108
4714
647
1195
699
5616
2662
3572
9189
5777
3150
4634
9064
3848
-3995
671
6976
4237
4980
1087
3551
2543
267
5357
8003
7833
-1769
6651
7716
3647
1813
5680
3396
5056
1196
5249
8767
7619
967
8874
8091
5835
2874
-8564
8358
9237
1744
7327
-4253
5351
3970
8294
5985
2928
-5567
1040
8321
2892
2915
4954
3204
783
7537
2303
9197
-951
1530
7026
7847
4203
6134
5808
-1321
4384
5560
1793
9345
6320
6300
3366
4426
3267
5610
8889
6839
4040
5346
5585
135
6378
3838
2557
-4929
5981
501
2454
7255
7231
2244
6415
660
4409
1253
7798
8688
3198
4041
2882
72
3593
9007
8820
7176
4016
4173
3144
675
4629
1747
6451
22
-1504
8493
436
939
1944
4271
468
193
-1865
3144
1896
4182
-3085
2689
8843
4703
8933
3725
5223
5852
-959
9369
1547
1399
6175
8410
3571
-7187
9015
3027
6452
-9566
8305
222
6862
8097
8593
2256
7642
-4476
2405
1479
4652
2748
-4390
4397
9088
3239
1927
8516
1487
6412
2754
7049
4200
-9446
1760
6114
4425
1591
7743
5138
7685
-9999
-3227
5906
76
-6515
7015
2519
-4728
7336
6995
-6481
-4412
8423
5269
4071
7781
4984
-5777
5885
9114
-5850
5332
2207
9422
7686
50
5941
9418
-4033
7517
8815
693
9640
9646
6424
9166
4899
7979
3509
749
2852
5346
9413
7143
1335
6186
2927
6201
9329
5142
-2729
6586
4307
1906
2973
6875
2566
6662
147
8456
846
976
283
7509
361
-236
4385
9507
5039
413
-7866
3674
3409
3330
2643
2719
-5515
1956
8279
6909
-3
5380
3207
2493
-6106
4671
8417
2960
7591
7307
2827
1760
8625
1161
9222
9941
4148
6595
4653
3580
8983
7148
917
111
7598
7669
8813
2673
8356
9716
541
-2144
-670
9468
-5480
1876
6893
-8761
2443
6028
5673
5170
829
-3845
5416
7704
1295
5252
4087
8851
6603
120
-3469
-5225
903
6859
7148
5049
8081
5104
3681
3337
6689
5843
9553
285
1371
9822
2652
8897
2236
624
7932
6363
2874
2165
9316
284
-4295
8163
866
7117
940
2168
6207
-4404
4703
5263
2059
6750
4527
3306
-9379
5108
980
1974
1453
3944
5874
5980
9624
8822
324
1819
3407
3718
8642
5745
2436
7590
-2493
3761
8422
3857
256
6156
2141
5644
8942
5402
6650
7829
9816
7087
3242
1029
4694
5672
7842
1197
3099
9037
4193
5177
259
7631
498
-8658
3365
1880
377
8133
4610
-9567
-6723
8927
-2134
5555
8856
-9554
8484
2269
6522
7214
476
8640
8773
7019
9622
698
6111
7051
2198
1298
7335
2410
4152
7882
4855
335
8738
7531
1667
-7258
-3638
1085
1945
3766
4239
8958
6416
8582
5713
2728
9131
473
3387
6621
1909
6039
3285
-1452
-5140
8595
8788
6747
4569
3064
3827
-5740
1820
7566
9338
6090
9057
8021
8392
9339
3911
9206
7482
8253
4596
9991
3556
5274
6220
1733
8532
2902
5002
712
6003
1309
2723
3732
805
3799
3991
2628
182
7462
9665
3439
8060
8708
9844
-7317
8809
7432
7965
6897
1992
415
9141
1637
3885
9764
1630
1922
-9015
7530
6307
384
5231
7406
6602
7999
2696
9783
-8051
1646
8862
6696
-4807
1778
7065
9242
2635
9403
3913
6132
8829
-6228
8457
2917
1635
2306
-4125
5350
-3793
2514
8342
9194
-5793
5564
4458
8094
6425
660
398
4571
3403
6037
4158
6865
510
8982
9633
1052
-6791
327
695
3200
645
290
4972
2750
413
7420
3012
8383
772
1939
2255
7413
-915
-463
5716
7662
6610
6050
4519
9586
4511
4682
7444
130
6629
3260
-4691
1065
5480
3144
3908
2684
-6309
7321
2098
5547
3076
-3907
9842
1231
7287
-7509
6082
-1180
2490
2903
6652
5614
2819
3258
9970
3261
8976
-620
1953
9707
1085
1939
7792
7458
8829
8767
416
536
2046
6730
3291
2780
5576
9625
5702
6600
2524
9
6512
-5679
2294
-5028
4867
-509
7596
-8476
3680
6460
7422
3164
9396
651
4950
7932
3815
-5542
7863
7595
6218
4787
4912
9540
4486
7168
9384
9100
2785
3576
5329
7439
-3465
3693
6166
3160
3160
-8364
1374
7319
9568
4222
9833
2810
7503
7651
8575
2519
6122
2678
5830
9357
7218
2174
6491
5416
948
9944
-4981
2892
8258
1072
198
-5079
4637
503
8027
9505
5692
6427
5337
2652
8211
308
9024
2341
7519
3042
4857
9987
-8374
-7874
-7609
1157
8074
4600
334
-342
1380
788
6382
4346
3642
8399
6060
6464
5547
6172
5621
8303
5055
6105
2492
-2378
2697
-8061
8803
5454
2630
8313
1652
9537
7278
7577
8273
9138
9248
4882
5721
7229
2007
563
6452
8886
3209
6886
9619
6218
3203
9565
1891
6659
6608
7751
7768
9091
929
5834
9268
2389
5524
8408
1455
-3504
3520
2508
-2558
2005
9572
5036
3278
4606
3453
2134
5015
2591
6942
-3220
-1371
9207
6087
-5162
8902
-9805
-6432
7172
7261
6036
-6140
2379
5841
2137
7689
9646
9291
8385
6332
2571
3359
2622
535
1957
6907
4457
293
4924
3286
4262
3594
7354
3475
1541
5989
2546
9149
1868
8430
1297
8394
1296
6426
1391
7338
2731
4212
7612
-5975
8532
6260
6453
3972
7004
7017
4014
6640
4493
5168
4854
7458
283
8988
2264
8540
612
2653
4102
8601
257
7756
158
8160
9221
5194
2375
9537
5146
438
4194
5124
1705
4245
123
8415
5984
8938
5718
6046
-2411
157
-2484
362
1341
5493
974
8373
5221
960
9974
4426
5548
7847
1674
6991
9139
2653
8770
2355
3655
5758
8239
8242
7295
5282
-4604
894
4137
41
-6142
1493
930
6366
3013
4176
6285
5797
9899
7295
7432
1038
7585
-4319
6748
6626
4518
1526
5915
1603
8881
3363
5202
3981
6180
-3552
7350
1209
7241
8897
569
3254
6358
-6789
-7395
-3472
1658
3905
-7018
9611
4047
7305
-877
-9159
2072
3353
9362
1707
4722
3013
6829
-4395
292
4079
-3338
-8947
7216
-8319
271
1595
-354
6250
2365
1299
6029
-621
6174
3846
4531
976
7014
6568
-9484
2277
4435
9546
3034
6071
2478
1122
7661
1902
2073
5141
6267
6248
6720
239
-357
6799
5418
3767
1622
6262
9912
2926
1732
5725
6434
4862
1375
5835
5198
6508
351
4001
4122
6279
9497
2331
5951
1305
8248
8063
2638
259
4821
9021
8516
7106
6832
8031
519
3758
6326
9320
407
6295
9019
6391
-8128
6600
6383
-6066
9941
9734
2219
6445
484
3280
7666
7698
7430
2334
1090
-4504
8045
6147
9522
2463
-2133
8700
7204
8319
9861
864
4145
6910
3117
-1504
6209
-1209
6184
582
-5458
7175
5705
4535
8222
2682
8655
8851
-4888
1935
3250
9505
8044
7531
5109
1557
1332
-7501
9748
-1580
6415
7201
6229
6764
2281
8329
5656
1318
3687
2403
7369
4694
746
2519
-6970
7375
-4233
2728
8395
3024
9225
-4864
2692
2291
1958
3222
8439
3451
2168
-8553
8912
8131
17
7155
5510
8259
7723
1944
121
3644
461
406
6307
3752
532
3221
7657
1421
-7643
4182
1513
3928
-8069
326
6108
436
4159
9417
6434
7538
3985
7056
7498
1424
6587
6934
9513
7269
2202
8316
1200
1376
4338
8658
-7816
9901
-3843
2623
518
4913
837
8245
73
1419
2125
6576
7481
147
9208
-6725
-904
9613
2397
2277
1186
6276
1053
5801
6046
929
4388
2341
-8716
-3987
3959
6359
7446
4997
2164
9782
1089
1389
7207
7589
7403
9865
4081
9359
604
2961
6913
8682
2183
-6970
-8397
8550
1991
9583
2711
3149
8964
1527
2202
8194
1085
3668
3499
-6852
1998
1888
6682
345
4313
9999
4560
549
5422
9953
1713
-3186
-8052
9166
-4313
4583
2335
-8858
7456
2372
3114
1440
-5784
9153
1020
-1129
-9547
596
8869
9684
3823
-4089
5535
2269
1011
6457
1263
-263
4849
5414
4770
9651
3788
6235
-6482
4025
5873
6061
1153
9724
1303
4174
4699
8120
4672
7158
9381
629
8552
6042
2754
3635
4419
1896
8074
-9788
5664
2982
1234
8679
5754
5495
6665
-7841
8643
6151
3782
6547
5528
8908
7661
-6897
6962
3717
505
5959
3633
620
8416
3499
6368
485
4340
4688
7318
4959
-6126
8783
8961
3823
5699
3533
7642
7945
2961
3449
965
5017
-4304
-2124
6815
9715
1458
5657
1296
7209
8197
9804
1145
963
-4333
5725
1940
9685
3244
5724
7209
3566
6860
6499
9669
6325
5874
6041
3330
5244
1722
907
6787
-8735
-6079
419
-390
3171
9697
627
4578
7225
5134
-488
472
4586
3436
6777
7332
474
6058
8630
2587
2774
-7764
7307
4332
6712
8494
9692
8753
6655
6405
3817
1149
5577
4227
7945
7868
1340
4842
9840
2264
7190
9541
6042
7616
7009
4940
9615
9968
9283
8926
383
4989
8967
4390
2149
9848
5367
5208
1446
6312
723
6770
5872
3970
1177
5406
6013
3746
5613
5228
5247
8625
3119
5418
4643
-174
8058
3757
2544
9431
3472
87
1111
-1967
4496
8193
-3634
8967
450
-5583
-70
6423
3960
8129
3
7779
5117
3981
6896
248
5926
-1944
3201
6701
9797
4588
5763
645
7010
8785
1980
4233
-6146
9814
1997
9088
6883
4341
6497
233
5003
9268
-7405
-7277
6925
5025
176
3519
2341
8307
898
4717
889
-269
8550
9166
9880
7084
6825
1699
-6780
7509
3298
9496
3897
5594
7874
4609
9053
-6788
6275
9775
6032
823
5819
923
6627
3122
1416
7399
2514
7774
690
3458
8820
5676
5997
1042
135
2314
7942
7657
886
5180
4611
9186
9797
1188
9654
8834
241
6956
4296
9417
2498
9111
4815
1200
-7129
2950
1674
3115
6772
9967
9265
6486
7943
9797
1559
4153
1299
8437
3098
7942
1345
7588
8495
6567
4725
8227
2392
8850
8988
2525
-7231
4887
3520
1253
6794
7998
2833
2667
3671
394
-8091
5077
7983
6842
6420
1895
4804
6261
-5324
1837
4948
379
1932
3006
2997
7320
7722
4265
3193
4994
3169
-6056
6745
8456
8187
3841
7243
4306
8200
9985
9406
1877
2566
2993
811
686
5305
3011
2947
-980
4353
6436
6885
1880
1544
4089
726
869
3603
1731
-152
3890
2926
5597
1686
7084
50
1418
7732
1359
5569
-1353
2065
-2540
4309
3187
7845
321
4998
-8313
-1397
5910
4259
1336
2364
9100
229
8806
5202
6270
6081
3220
9382
-385
8052
9723
5909
-9717
1590
9521
9810
7507
6698
163
-3293
2862
3962
3626
2319
7060
7196
-4008
1433
9916
5441
9258
-2442
5416
6130
5109
7304
8066
-3555
5914
1187
5935
-3570
4435
4183
5361
2295
4038
5240
2478
6051
2351
6805
3852
8243
1543
4055
3239
5051
577
1633
9430
2780
1417
6927
3403
640
4629
2505
353
-3115
4102
3502
4254
2586
-1909
5355
7616
3061
7960
-8068
2546
9581
2780
-3959
8261
3808
1466
2893
5145
9650
2452
1962
-2963
4612
2374
6442
8230
-9871
4583
1844
1757
2743
6375
1656
5164
1929
7328
2914
7411
2575
679
326
2141
7128
1722
7300
2027
5922
1458
6675
-9563
1058
4832
9735
-6532
2616
9440
5404
1017
1630
6938
5578
4019
2551
3614
-4577
3833
8594
6757
5388
170
8949
2917
-2288
-6255
9380
-6715
7019
1899
6025
1088
2839
-2172
4859
8837
1878
9993
857
1113
2261
5811
9662
8496
443
4214
1516
9771
9080
-3751
3554
5796
6840
373
1448
-6080
9983
-3881
9392
861
6445
2232
2100
-7731
4585
8621
5836
3797
1767
3345
199
190
5236
6661
3262
4582
6070
7044
2422
2621
606
7780
-7324
1980
4631
1491
5016
7128
-9990
8587
3133
3808
2905
6320
7253
2716
1594
3806
4582
6926
619
4893
4577
3090
9802
9119
1583
8255
5020
4286
2180
1781
274
8368
7358
2558
-4441
5076
4645
3407
8771
6484
6474
3637
-8689
1363
3657
3915
9770
3006
5705
4736
4386
317
2776
7491
1654
1840
8721
-5817
1836
1619
4007
4930
2853
1372
969
473
2557
8874
4430
2978
231
3221
1208
2364
-9266
4338
6610
9247
2024
4750
2612
6300
6844
-8064
8283
4418
5193
9913
1603
5956
9495
7188
8751
5893
231
4440
9020
2206
1780
6787
-2004
340
1345
-2830
-2918
7893
1487
-8781
3008
7449
8902
4718
8487
4722
2904
2951
1003
-2174
83
7337
550
5330
7581
2961
-651
9854
9320
2659
665
4637
125
3407
7526
3171
6130
9246
3414
7695
9030
-2484
-8163
5160
-3889
9485
68
6690
1767
7969
9064
2136
7907
7713
1689
3168
5021
9705
2252
4204
7350
4174
-749
117
4905
9455
7237
7984
6746
3334
2181
1642
9720
1510
1514
3165
3163
8604
9625
6715
1928
9711
3169
-863
554
5713
1230
6801
4680
4637
-7521
5584
7140
8601
3547
7047
5960
5299
4273
-5994
104
822
4294
216
3748
5252
5270
6248
1780
7466
9622
6750
5340
9169
6583
3124
8696
4184
-6866
1731
-4270
8221
-1292
5258
5024
819
2928
-4883
4265
107
393
4242
9981
205
3687
6455
-3627
4029
2886
3017
8892
3912
9229
5770
3299
-1814
3194
9479
4700
3799
4824
2631
9118
8232
9610
6217
651
7565
7919
-1128
4285
3542
8622
8696
4504
8860
-1945
9639
2476
4082
7643
1231
2114
-6566
4444
8512
1484
-2927
-2841
4776
231
4686
1326
1596
1257
8383
4654
3902
9573
9399
1990
3575
755
6741
5855
8139
8202
9122
1643
1769
-5801
9827
3893
3098
5511
5027
9139
7824
-4968
315
6741
6614
3688
5196
7685
963
-367
8673
550
664
4733
5472
-8550
2767
2861
-1239
8270
1804
4147
9872
-5070
5773
7007
9727
-163
2427
3898
-4624
659
7929
8726
4299
-989
2017
3280
4418
-2780
7036
4687
6783
114
4664
-2771
4616
9358
6065
9192
8125
8456
8730
-8643
3494
6690
6515
-4657
2135
3174
9858
2652
8429
9036
4956
9879
367
5570
9611
5343
3711
6324
9190
4730
1193
611
6974
41
4641
5488
989
2807
5270
-5360
8038
5193
227
6390
6362
3453
-7578
4526
79
4781
2889
4413
2024
27
983
4276
2578
5588
5509
2220
18
7775
2510
7849
8777
3437
7945
-6617
5698
-2600
7236
532
-240
2901
3304
-1067
-2482
2372
9129
2890
5233
6204
4373
7143
654
257
7362
7298
1718
3840
4913
3653
-4495
9759
2063
2820
8410
5535
6288
1116
2273
5595
8916
8948
1096
9432
4180
-6048
-589
7477
9220
4411
3017
-1818
1216
1626
4974
714
5808
7565
9416
5219
3974
975
5471
2538
9644
8435
-3089
9008
5528
6214
3609
7442
5513
4386
9213
3122
-3145
3910
2297
2817
2778
1184
6502
1783
4795
9989
8599
134
7666
7861
3576
2236
-9570
3210
1951
303
1092
5415
2365
-5472
3966
858
7580
5579
5169
2060
-4559
3171
9076
8669
5158
9528
4924
-3482
7577
4818
8806
5049
9722
9124
184
5337
1526
1324
4101
3173
7362
8671
-3400
8015
3439
7135
2565
-2166
9399
8854
2653
7586
-9647
3578
-9176
2772
86
441
2282
1945
8722
9019
9456
9462
2519
3285
2882
6810
3073
-1346
5200
800
2358
5625
6823
796
7382
172
5115
5643
317
5220
172
6037
-9869
8808
547
-3116
2262
6421
6147
-2444
6384
8868
7514
4971
5005
3720
5647
1447
825
-6543
-7299
3741
7611
8782
9922
9006
8979
1848
7569
2520
9100
5877
991
8133
-5561
2252
3509
-8917
3097
5499
5624
6452
3636
4091
2084
-8920
4973
4814
3280
8834
4128
7683
6814
7913
8451
-2750
2681
4340
1126
5714
1798
9903
1604
9385
3013
5713
2402
71
9600
9550
7549
9276
5320
-6913
7262
-2273
829
735
3318
87
6356
5240
260
1421
1888
7223
3115
6329
7835
799
142
-3259
-3099
2765
6791
9391
5168
5162
8009
8777
5762
5192
6019
1992
3957
4898
6701
357
2870
3902
7209
3683
300
1756
197
5982
8457
533
1926
8990
409
510
1052
9170
7664
389
2707
7863
925
1056
1325
3601
4171
5538
794
6046
5644
7304
7553
9080
830
3333
8886
3457
9832
3196
5284
1397
3707
3076
66
845
-8978
9522
5664
1977
3668
180
7032
995
159
6002
8463
608
-9196
4974
3411
6543
8560
1682
1404
-889
966
9174
7949
6993
5399
2648
-2113
8900
9364
787
6816
-8119
7976
8155
2377
2077
3272
6877
7591
608
5428
3281
8383
7829
9861
4057
2925
395
8047
9409
-4796
665
1630
3279
1036
5700
4858
6801
6427
8392
-5092
3539
8271
6828
5368
6856
1496
5153
-2827
9950
1072
-8241
3773
4989
8668
961
6870
8278
6858
9985
5225
6933
7234
56
4277
1200
5942
6170
784
5831
8884
1428
2797
3060
2048
6428
3957
8378
5100
3779
-6703
9224
2658
-8372
2121
-965
5863
-7268
6894
-2307
8583
5042
-6511
637
4685
22
2812
-9546
5817
9747
1275
5146
9017
3334
892
5285
9123
8022
8173
2625
-9591
6308
8369
5866
9279
5274
4553
2410
5775
3101
4125
4224
103
2589
3105
1802
6702
2402
1011
6141
9702
3950
2728
4393
9181
1535
3140
3751
8471
9835
4497
9836
-8326
307
9700
7125
8356
6178
5885
-1691
2805
8685
5444
9710
4904
-5235
5983
6940
4452
-4284
-41
7448
6669
-5628
8826
2788
2093
4094
1091
9178
8973
-3594
7376
6316
7756
6913
-1174
-9145
995
-9949
2516
2377
4905
-164
4739
5389
7963
-9300
3560
3634
9664
3285
415
-8668
2765
-556
6895
4541
1196
804
1098
1981
8580
1828
4987
8497
5527
558
8407
9877
9852
6667
3375
7220
138
1745
-6250
9437
-7727
6687
8509
9052
4482
7261
6740
6633
6038
-3007
6951
5058
5432
8016
6824
3681
-750
2425
6161
7786
-5735
681
3241
74
9679
7179
4349
8123
6169
3093
9768
4861
6997
373
6301
7612
4937
-8708
3385
2670
4362
5284
2596
3603
5074
5204
6190
2997
9080
1400
4323
6455
-4269
9635
3977
4376
2299
3566
111
7839
9590
5184
6750
8285
7676
3510
8441
7664
2631
5481
7406
5436
7815
6413
931
3217
2921
8909
2060
970
1925
1986
3409
666
3177
7035
1002
478
5457
7812
5909
815
5344
8577
43
8703
9830
2145
5537
1929
3673
9597
7794
1955
6445
4440
-2583
4252
5470
1134
9249
640
7907
1926
1051
-3585
4187
5026
6954
2989
3264
5036
2030
5772
-7064
7448
-8176
6321
2720
7095
6820
7766
4897
8959
6582
1458
7182
7765
3438
2468
1473
517
5150
1286
4242
8982
2544
2124
7602
7160
-6058
7124
3097
1159
2011
2966
-2782
7927
-3261
307
8525
5783
5171
5784
975
7040
8154
-2713
1655
-7509
9193
7096
1281
2547
5858
2637
-4900
-2751
6800
3645
4942
1836
5177
-9796
7996
3492
5276
4941
2497
172
-753
6759
6955
1346
9277
7470
9747
5488
-4877
5098
347
3368
-1623
8056
1695
3511
4974
9988
8983
116
6733
4513
8721
8415
7672
6077
792
5636
8928
3728
8545
8663
1885
6506
7147
5352
9539
2794
220
-3870
3647
6931
8584
509
9545
5846
9963
7938
7906
8477
9771
771
-5141
1339
-6905
7073
7223
8462
7390
3543
7752
8015
400
-7866
8897
4783
460
-616
4885
3305
6075
2219
4290
3780
8863
9141
2319
2336
4916
8019
9789
2725
1281
4492
6920
5945
1814
385
8917
-5160
6366
4940
3235
5819
5916
3395
2940
980
1487
-1155
1314
9806
6431
3543
6980
4031
6911
-6752
8984
4374
2795
6523
672
8351
-2777
-6609
423
1132
5465
9472
1251
235
5015
3572
7154
6180
7957
4098
9247
954
9027
2233
539
5383
6585
4545
2470
-9953
3945
4093
8181
8170
1151
2506
4315
7081
3506
-8031
8786
6531
6642
8349
928
4662
1594
5039
4309
9066
1117
4104
4153
8608
682
1321
1296
-4900
7897
1721
2279
8749
4557
2893
3574
7417
8257
5232
7085
1027
9037
-1609
7577
6191
1713
9193
1149
58
1430
4620
7931
9836
6513
373
331
4615
1185
788
8864
4455
6702
3089
6152
7201
4442
15
186
5046
-3425
764
7639
8687
6874
2221
9835
3552
3525
7572
8234
9798
8284
1292
5061
-971
3988
1976
-6453
7935
4235
7977
-908
798
7785
7863
6776
9134
6465
6052
5297
335
3646
5822
-5752
-6443
6504
364
4600
7205
399
-8589
9031
3627
9452
8318
5667
-4710
4132
6770
1542
951
4406
7017
7059
9913
649
1772
9
4595
3857
1308
1069
7077
2089
1736
3009
4631
3064
-9477
2834
9455
-5902
4885
5715
6009
7189
5443
2548
5662
9602
7091
6463
-1872
2691
2484
8343
4617
3872
-4095
1416
897
-3515
7158
5500
2519
4802
-1880
5218
9924
9338
2297
5062
2141
-611
1900
1374
799
2936
9419
4985
8915
-8973
1770
6447
4393
241
3033
1285
1310
4011
2913
-6440
5512
1967
-9267
3231
-9110
-5496
3806
-7626
6866
6653
4600
2775
3376
61
8513
9337
478
8676
7205
1409
5412
8934
5544
-5351
163
-3841
-5129
1056
3992
9213
5857
6999
5287
9548
4419
3733
7153
5020
395
3754
4785
6817
545
6947
600
7390
5077
-1524
8998
2987
2786
6637
2
7261
9244
823
2030
7826
-260
4566
3654
3460
1648
7126
9279
1843
4613
2175
6490
7965
7327
1490
208
376
9189
4907
-6436
6755
-4119
7711
6486
6106
6785
7309
2285
9537
-88
5919
4681
566
9545
967
8712
4704
9022
-8564
-4383
2036
314
3900
8270
5724
7946
2801
191
3072
-2595
3390
9925
7807
7369
4889
271
-8628
4164
6352
1076
7603
985
4206
-7013
-2666
8313
-9284
6224
7427
1979
114
6345
4174
1778
5357
5760
6809
-8907
6248
6559
4041
2285
-9933
4203
8224
5576
5523
464
2039
7416
4839
7895
3506
9010
500
7298
1633
3347
2493
9548
2459
9590
8703
9914
3698
4124
3106
5102
3491
8626
4870
2816
2341
3760
9640
5909
823
5607
9676
3754
-6531
8928
3682
1496
1663
5585
8739
4671
5545
6584
4274
5980
2312
4831
-8669
2629
8879
7784
5626
777
299
6641
8637
3858
9666
9247
6510
7396
6163
5604
2389
-4461
3370
1402
-7312
9525
5450
4070
1704
5181
