5
0 0
6 8
-2 -2
11 0
12 0
61
0 0
-1 10
5 7
-8 -5
9 -2
-5 -8
-12 -3
8 3
12 1
3 0
-13 12
-9 13
3 19
2 9
-9 0
6 7
2 3
9 16
-3 -17
12 19
9 2
-8 -9
7 11
-14 7
13 10
-14 -12
12 7
-2 -26
7 27
10 2
-1 -1
0 -1
5 -20
20 -3
13 -8
3 -7
19 2
3 9
20 7
9 -7
20 5
-4 2
-11 -1
-5 -6
-10 -11
1 9
9 2
10 1
-20 -1
-16 2
8 8
-14 -9
5 7
1 -15
-13 -6
-18 4
-8 -10
-28 4
-7 4
-1 6
-17 13
61
0 0
4 -5
2 -11
2 -1
-2 -19
7 -9
7 -1
8 1
8 7
7 9
12 -15
-4 -12
1 17
-11 -18
-5 -4
-5 3
2 9
-1 18
-6 -4
4 -19
20 -21
4 5
4 0
7 -12
-4 -26
5 11
7 23
-1 28
11 4
4 18
3 11
-6 12
9 -24
10 17
-7 18
8 -4
13 -3
1 2
14 -15
-1 -4
4 15
1 -5
18 9
5 34
13 17
1 -14
11 10
-11 25
11 19
20 7
-3 -16
5 -2
-6 18
-20 -14
10 13
12 -4
6 3
-3 -11
-1 4
2 1
-20 -38
103
0 0
0 10
0 20
0 30
11 10
11 20
11 30
-8 29
-8 30
-10 29
-15 26
-15 25
-13 26
-15 29
-17 26
-21 21
-21 20
-18 21
-21 24
-26 15
-26 14
-25 15
-26 16
-28 15
-29 8
-29 7
-26 8
-29 10
-31 8
-30 0
-30 -3
-29 0
-30 1
-33 0
-29 -8
-28 -8
-29 -5
-30 -8
-26 -15
-26 -18
-24 -15
-26 -14
-29 -15
-21 -21
-21 -24
-20 -21
-21 -19
-15 -26
-13 -26
-15 -23
-17 -26
-8 -29
-8 -32
-8 -28
-11 -29
0 -30
0 -32
2 -30
-1 -30
8 -29
8 -32
5 -29
15 -26
15 -28
17 -26
15 -25
13 -26
21 -21
21 -23
24 -21
21 -20
20 -21
26 -15
26 -17
26 -14
25 -15
29 -8
29 -11
30 -8
29 -6
26 -8
30 0
30 -2
31 0
30 2
29 8
29 5
31 8
29 11
26 15
26 14
29 15
26 18
21 21
23 21
21 23
19 21
15 26
15 23
18 26
15 29
13 26
11 0
100
0 0
9 0
18 0
27 0
36 0
45 0
54 0
63 0
72 0
0 9
9 9
18 9
27 9
36 9
45 9
54 9
63 9
72 9
81 9
0 18
9 18
18 18
27 18
36 18
45 18
54 18
63 18
72 18
81 18
0 27
9 27
18 27
27 27
36 27
45 27
54 27
63 27
72 27
81 27
0 36
9 36
18 36
27 36
36 36
45 36
54 36
63 36
72 36
81 36
0 45
9 45
18 45
27 45
36 45
45 45
54 45
63 45
72 45
81 45
0 54
9 54
18 54
27 54
36 54
45 54
54 54
63 54
72 54
81 54
0 63
9 63
18 63
27 63
36 63
45 63
54 63
63 63
72 63
81 63
0 72
9 72
18 72
27 72
36 72
45 72
54 72
63 72
72 72
81 72
0 81
9 81
18 81
27 81
36 81
45 81
54 81
63 81
72 81
81 81
81 0
0
